function [f,g]=funk1(x)

w=[1 4 4 1 1 zeros(1,8)];

f=w*x';

g(1)=(x(1)+x(3))*x(6)+x(3)*x(7);
g(2)=x(3)*x(6)+(x(5)+x(3))*x(7)-x(5)*x(9)-1;
g(3)=(x(4)+x(2))*x(8)-x(2)*x(9);
g(4)=-x(5)*x(7)-x(2)*x(8)+(x(5)+x(2))*x(9);
g(5)=(x(1)+x(3))*x(10)+x(3)*x(11);
g(6)=x(3)*x(10)+(x(5)+x(3))*x(11)-x(5)*x(13);
g(7)=(x(4)+x(2))*x(12)-x(2)*x(13);
g(8)=-x(5)*x(11)-x(2)*x(12)+(x(5)+x(2))*x(13)+1;
g(9)=x(7)-1;
g(10)=-x(13)-1;


function [df, dg]=funk2(x)

df=[1 4 4 1 1 zeros(1,8)]';

dg=[x(6) 0 (x(6)+x(7)) 0 0 (x(1)+x(3)) x(3) 0 0 0 0 0 0
    
    0 0 (x(6)+x(7)) 0 (x(7)-x(9)) x(3) (x(5)+x(3)) 0 -x(5) 0 0 0 0
   
    0 (x(8)-x(9)) 0 x(8) 0 0 0 (x(4)+x(2)) -x(2) 0 0 0 0
 
    0 (-x(8)+x(9)) 0 0 (-x(7)+x(9)) 0 -x(5) -x(2) (x(5)+x(2)) 0 0 0 0

    x(10) 0 (x(10)+x(11)) 0 0 0 0 0 0 (x(1)+x(3)) x(3) 0 0

    0 0 (x(10)+x(11)) 0 (x(11)-x(13)) 0 0 0 0 x(3) (x(5)+x(3)) 0 -x(5)

    0 (x(12)-x(13)) 0 x(12) 0 0 0 0 0 0 0 (x(4)+x(2)) -x(2)
 
    0 (-x(12)+x(13)) 0 0 (-x(11)+x(13)) 0 0 0 0 0 -x(5) -x(2) (x(5)+x(2));

    0 0 0 0 0 0 1 0 0 0 0 0 0;

    0 0 0 0 0 0 0 0 0 0 0 0 -1]'; 



function [f,g]=funk3(x)

global u v

w=[1 4 4 1 1];
f=w*x';

p=[0 1 0 0]';
q=[0 0 0 -1]';

K=[(x(1)+x(3)) x(3) 0 0
   
   x(3) (x(5)+x(3)) 0 -x(5)
   
   0 0 (x(4)+x(2)) -x(2)
   
   0 -x(5) -x(2) (x(5)+x(2))];

u=K\p;
v=K\q;

g(1)=p'*u-1;
g(2)=q'*v-1;


function [df,dg]=funk4(x)

global u v

dK1=[1 0 0 0
     0 0 0 0
     0 0 0 0
     0 0 0 0];

dK2=[0 0 0 0 
     0 0 0 0
     0 0 1 -1
     0 0 -1 1];

dK3=[1 1 0 0 
     1 1 0 0 
     0 0 0 0 
     0 0 0 0];

dK4=[0 0 0 0
     0 0 0 0 
     0 0 1 0
     0 0 0 0];

dK5=[0 0 0 0 
     0 1 0 -1
     0 0 0 0
     0 -1 0 1];

dg=-[u'*dK1*u u'*dK2*u u'*dK3*u u'*dK4*u u'*dK5*u
     
     v'*dK1*v v'*dK2*v v'*dK3*v v'*dK4*v v'*dK5*v]';

df=[1 4 4 1 1]';
