KKT-villkor 3.2a

ans =

     0
     0
     0
     0
     0
     0
     0
     0
     0
     0

KKT-villkor 3.2b

ans =

     0
     0

KKT-villkor 3.2c

ans =

     0

KKT-villkor 3.2d

ans =

     0
     0

KKT-villkor 3.2e

xmma =

   20.0000
   16.1551
   16.1551
   20.0000
    1.0000
    8.1078
   16.2157
   16.2157
    8.1078
    7.1595

KKT-villkor 3.2f

zmma =

   1.0000e-08


ymma =

   1.0e-10 *

    0.1007
    0.1007


s =

   1.0e-08 *

    0.1363
    0.1363

KKT-villkor 3.2g

xsi =

    0.0000
    0.0000
    0.0000
    0.0000
    0.8876
    0.0000
    0.0000
    0.0000
    0.0000
    0.0000


eta =

    0.4617
    0.0000
    0.0000
    0.4617
    0.0000
    0.0000
    0.0000
    0.0000
    0.0000
    0.0000

KKT-villkor 3.2h

zet =

     1


mu =

  992.6651
  992.6651

KKT-villkor 3.2i

lam =

    7.3349
    7.3349

KKT-villkor 3.2j

ans =

     0
     0

KKT-villkor 3.2k

ans =

     0
     0
     0
     0
     0
     0
     0
     0
     0
     0

KKT-villkor 3.2l

ans =

     0
     0
     0
     0
     0
     0
     0
     0
     0
     0

KKT-villkor 3.2m

ans =

     0
     0

KKT-villkor 3.2n

ans =

     0

 
